with sls as
(select * from dashboard.m_rtl_o2o_trx_it_lc_dy_rpt_v) ,

--to join product number and division no.
data2 as (
select prod.prod_num,
       org.org_num store,
       sls.*,
       prodmaster.division_no,
       prodmaster.product_name,
       prodmaster.dept_no
  from sls
       inner join makro.w_product_d prod on sls.prod_wid = prod.row_wid
       inner join makro.w_int_org_d org on sls.org_wid = org.row_wid
       inner join makro.ma_product_master prodmaster on cast(prodmaster.prod_num as string) = cast(int(prod.prod_num) as string)
),


--to filter out delivery fee from line item and filter correct channel and store
data3  as 
(select *
from data2 
where  data2.prod_num not in  
(555555,
777333,
777444,
888333,
888444,
999666,
999888,
999889,
999999) 
 and 
data2.SALES_CHANNEL in ('ECOM','STORE_ORDER_DELIVERY','TRUCK_OFFLINE_DELIVERY','ONLINE_CREDIT_SALES_DELIVERY','CREDIT_SALES_DELIVERY','SFA_DELIVERY','ECOM_MAKNET') and data2.store in (2,4,8,17,21,42,78,83,111,115,120,1,18,108,129,54) and data2.CREATED_ON_DT >= '2022-12-16' and data2.CREATED_ON_DT <= '2022-12-31'
),

--To count total line
total_line as
(select data3.SLS_TRX_ID,count (*) total_order_line
from data3 
group by data3.SLS_TRX_ID
),

-- To count in case match with criteria
pure_ambient_3000 as (
SELECT data3.SLS_TRX_ID,count (*) match_order_line
from data3 
WHERE
data3.prod_num in (
219535,
219542,
191015,
183082,
887640,
159892,
159895,
887705,
119574,
210386,
127011,
140478,
150590,
219537,
210388,
160629,
747188,
126790,
828963,
831291,
114271,
230394,
208366,
137552,
185857,
230449,
128504,
110462,
141177,
857470,
132320,
210389,
197584,
834640,
132375,
100114,
157495,
210385,
132322,
198882,
59215,
829390,
121420,
141477,
223284,
122889,
142387,
25493,
844369,
902837,
433368,
173919,
812552,
990899,
24362,
957879,
831294,
128508,
910910,
100113,
221558,
23452,
164373,
108018,
107466,
99281,
104884,
838363,
77623,
198133,
805138,
847360,
155655,
835104,
106251,
198279,
802589,
231094,
124964,
156722,
174237,
819218,
210369,
111642,
141176,
176700,
198281,
162595,
147227,
78637,
80899,
114084,
801775,
212075,
100867,
812783,
856976,
833024,
816687,
27170,
22919,
232804,
123498,
309972,
104022,
859836,
85410,
847378,
45344,
179087,
898120,
574288,
159110,
132419,
906277,
811269,
837620,
220434,
810189,
148700,
837082,
853078,
141722,
226132,
135465,
221812,
175231,
201908,
128267,
164372,
847328,
825260,
162727,
857765,
150216,
845340,
893019,
420836,
845596,
199389,
126779,
197852,
844191,
164371,
801362,
835313,
117796,
805236,
900501,
212514,
143642,
119757,
141365,
182072,
125378,
217972,
155393,
152694,
86632,
163450,
893786,
102253,
180321,
132298,
144241,
802664,
130338,
910897,
166576,
119682,
141476,
822432,
267777,
825261,
763581,
141349,
102254,
819109,
221703,
983957,
128499,
106971,
126295,
867401,
164374,
110962,
149645,
157232,
58851,
831537,
187633,
125370,
210372,
112475,
159582,
102305,
226134,
223483,
208472,
75881,
34073,
145335,
131110,
191086,
115166,
22880,
844193,
115173,
148797,
810465,
847425,
849021,
166607,
230518,
822433,
129586,
235994,
853472,
827576,
802650,
141855,
801119,
849134,
856977,
128044,
58877,
831292,
806752,
171607,
26299,
195270,
108096,
861626,
141271,
141193,
144247,
818624,
162616,
174962,
161307,
169961,
162539,
825592,
163370,
135660,
205811,
892950,
160766,
107712,
129446,
891434,
133895,
157560,
892949,
846871,
819217,
844766,
113369,
131925,
864203,
132260,
864241,
817574,
215408,
110140,
847472,
157484,
161310,
173168,
198042,
147490,
166685,
270452,
199123,
188165,
844335,
841508,
802670,
108005,
844467,
169802,
302107,
171592,
129018,
839554,
166459,
829564,
164213,
8216,
136071,
841574,
219543,
862168,
164338,
126780,
67899,
887627,
138399,
820071,
157043,
892951,
847379,
898919,
847375,
830129,
824817,
104418,
185554,
124269,
195269,
161927,
867318,
162615,
820072,
129653,
853418,
142083,
161376,
220840,
821562,
142144,
893047,
856303,
156288,
106957,
125204,
816890,
128145,
233181,
152658,
162672,
838195,
157469,
128310,
590187,
149667,
43615,
839757,
115167,
147234,
856304,
850514,
232376,
210439,
232358,
160414,
847995,
108024,
899868,
146569,
839749,
893478,
173921,
192531,
238281,
863732,
208506,
238051,
849517,
228851,
188116,
812551,
853743,
128142,
186945,
237969,
808294,
895490,
143417,
104223,
138725,
70109,
166537,
120313,
164908,
856313,
137164,
853076,
113969,
212737,
162795,
848862,
125261,
173192,
864208,
22906,
115176,
200376,
844631,
802671,
448487,
163556,
179842,
200887,
179712,
898119,
207547,
833823,
217913,
847376,
893057,
177750,
843402,
133728,
117945,
197057,
854727,
235998,
893049,
268888,
844471,
131235,
209302,
187801,
106570,
176104,
120967,
141413,
414934,
438256,
181519,
100370,
104078,
800659,
270179,
898423,
891884,
123597,
115861,
847477,
120930,
844870,
217840,
847202,
842054,
805978,
349232,
112871,
899944,
226141,
164560,
141475,
890902,
972049,
208479,
815390,
853577,
891311,
198749,
108698,
131742,
24388,
857500,
177917,
847682,
826882,
174963,
849039,
650026,
173927,
899649,
106962,
856305,
834882,
837167,
828243,
862002,
198439,
221748,
118982,
163474,
160130,
132372,
849238,
106751,
184314,
145462,
823682,
179096,
827825,
854531,
827826,
122917,
155848,
146447,
184546,
893947,
866115,
815391,
160117,
830198,
178645,
232288,
106831,
849135,
818374,
207905,
822440,
158617,
200282,
864380,
211380,
805327,
866116,
858732,
274300,
169314,
899867,
208756,
111644,
175141,
24856,
197585,
806628,
110472,
213231,
101079,
121668,
847473,
849040,
846864,
200334,
444153,
545337,
161306,
215169,
108631,
138701,
116367,
204338,
128478,
72943,
147460,
107298,
162038,
214237,
842598,
844334,
841285,
142623,
202282,
103481,
807013,
100813,
150989,
161343,
108389,
217814,
175234,
112656,
1755,
235112,
210416,
857139,
539734,
983411,
855214,
825262,
144146,
837372,
114011,
201738,
590174,
163477,
32071,
68666,
231001,
807936,
600457,
190085,
830127,
708578,
215418,
156703,
173621,
329524,
116984,
808303,
163475,
668317,
124230,
123184,
163641,
847520,
805238,
312130,
377507,
802669,
229578,
105692,
806750,
3198,
124460,
194695,
151780,
857682,
210390,
857323,
161378,
48620,
818375,
146454,
893792,
863544,
101854,
23569,
233090,
849047,
232364,
162614,
810219,
820684,
142386,
229452,
805328,
810410,
185357,
867402,
199571,
839760,
800724,
107724,
857579,
138983,
806651,
226142,
830142,
175863,
898366,
803483,
891819,
818730,
457275,
184235,
856314,
854728,
214796,
131798,
864229,
869420,
844156,
118069,
119756,
898530,
152755,
105390,
180881,
233505,
266409,
143281,
854232,
891538,
864228,
215429,
177995,
198584,
133374,
136818,
843401,
166460,
147365,
818651,
868554,
155580,
821210,
219555,
865790,
185636,
807015,
161259,
847584,
161379,
168077,
124532,
831535,
898426,
856308,
842374,
156723,
674999,
163738,
855213,
198016,
818661,
175238,
104399,
162673,
120274,
895049,
108867,
106960,
164561,
837643,
845969,
129458,
864201,
182799,
423592,
175219,
864206,
182795,
106601,
891111,
896067,
109476,
155744,
176221,
92131,
813444,
209508,
156284,
154504,
86619,
830671,
104426,
208696,
539760,
113214,
853077,
145354,
104233,
801363,
209521,
489931,
891316,
220681,
802957,
573014,
159601,
151296,
228079,
837684,
86645,
893479,
169452,
428706,
847669,
83668,
199236,
108450,
217993,
865401,
283153,
844155,
200884,
180109,
140842,
411476,
134114,
865772,
901321,
175319,
104403,
176107,
869207,
894648,
950794,
894471,
147448,
180115,
165867,
210433,
145438,
805289,
807744,
147573,
202258,
867845,
170317,
469716,
223221,
810051,
197421,
212580,
121425,
847209,
146465,
849020,
896225,
818731,
844562,
270140,
837264,
126107,
854707,
177828,
205349,
821136,
140316,
847510,
106250,
856427,
133314,
107213,
181753,
817388,
827821,
166809,
865397,
847718,
901096,
906276,
124516,
101656,
171488,
213504,
78104,
648544,
164646,
133519,
191766,
147395,
225526,
108688,
856317,
224819,
107726,
129450,
179937,
125537,
221467,
221446,
135464,
191282,
105570,
175440,
129447,
867844,
837263,
865387,
868194,
103887,
859946,
111757,
839553,
833422,
235362,
156265,
141740,
41470,
810687,
856978,
831521,
834626,
126777,
828282,
213019,
129905,
152121,
33137,
91897,
169165,
163469,
208494,
547560,
947843,
843494,
149668,
827580,
15002,
891820,
859053,
853134,
290849,
830144,
853092,
194628,
161308,
138720,
145424,
110779,
817652,
847474,
140553,
459862,
419029,
856306,
91858,
17095,
844561,
199233,
868328,
148167,
117335,
132261,
856464,
169150,
841514,
114248,
141723,
204356,
173178,
868457,
865737,
164621,
859068,
147361,
919191,
228852,
870085,
198548,
205875,
859693,
869380,
895420,
117474,
839758,
114387,
859323,
270192,
121494,
161477,
857141,
213581,
860117,
116556,
839759,
898636,
230458,
119580,
108388,
890903,
145957,
146169,
23101,
919269,
817597,
210430,
894945,
898514,
831540,
747175,
3250,
823282,
808304,
148765,
110740,
139285,
891685,
114083,
842379,
188267,
210502,
845617,
185869,
818454,
112405,
117817,
147344,
65611,
804826,
866073,
153406,
205810,
115177,
215430,
916071,
103480,
135659,
854345,
854750,
155631,
110348,
897190,
219546,
210827,
750269,
115899,
805306,
849017,
831536,
226711,
195491,
125355,
810105,
161667,
150014,
124112,
115676,
847475,
800280,
825732,
837646,
856311,
890899,
212782,
825931,
865288,
195084,
854357,
856312,
225133,
170853,
108139,
117439,
136459,
141762,
110520,
806684,
838059,
856315,
893456,
224580,
137283,
810131,
120732,
838386,
163721,
155064,
818379,
900429,
150627,
844559,
231859,
859322,
37258,
864188,
159224,
113072,
201745,
137294,
201782,
159109,
287222,
177651,
847210,
146167,
828035,
189823,
182798,
422383,
232433,
149562,
120688,
192529,
107677,
846003,
234362,
826193,
161245,
691327,
146011,
750282,
187032,
864210,
117694,
139522,
117946,
847768,
163471,
860947,
830550,
199155,
30264,
907480,
178854,
232371,
3796,
175218,
865398,
215317,
831517,
829115,
899648,
5369,
23075,
176631,
831520,
120976,
126821,
151143,
70577,
419055,
181245,
162004,
117448,
136524,
850246,
158852,
100439,
832608,
145041,
147447,
112968,
195398,
102206,
24700,
374673,
87607,
846865,
847801,
58864,
162814,
810228,
185210,
903364,
825067,
200859,
184470,
728611,
898417,
843394,
213221,
147566,
818787,
191397,
673348,
149995,
204384,
164644,
138658,
161309,
104235,
129013,
200332,
126000,
859067,
359177,
841507,
180108,
864101,
180121,
419042,
904802,
845510,
800584,
899769,
890953,
37817,
903365,
438061,
131797,
813257,
134444,
803710,
853079,
113794,
143350,
151091,
141219,
853093,
800580,
771836,
210790,
203620,
433381,
226128,
847095,
200870,
835311,
103105,
830640,
111695,
809888,
807313,
175525,
900427,
121541,
166965,
1105,
215072,
104083,
805471,
838412,
854015,
161478,
163472,
148440,
125126,
826780,
859054,
187434,
111662,
113240,
848875,
327132,
846005,
820329,
189697,
146469,
859055,
151090,
183527,
903366,
807642,
100431,
197770,
173194,
842829,
210384,
199045,
163470,
176774,
831199,
857083,
211233,
133245,
894473,
137272,
172416,
196523,
857430,
182563,
123287,
200889,
48516,
839300,
138892,
839555,
847476,
894197,
144472,
826041,
42276,
847037,
809890,
105253,
206962,
114431,
122892,
172396,
826192,
120839,
224761,
190703,
861205,
187486,
164352,
232240,
128751,
108670,
196522,
870150,
45760,
189326,
863729,
893477,
225169,
226140,
114102,
134977,
844628,
208490,
118067,
183877,
905613,
176283,
5382,
175208,
381316,
3471,
810275,
123182,
212259,
830130,
138714,
823902,
151609,
59826,
894450,
270153,
207427,
176427,
900047,
107076,
855326,
226129,
65039,
514267,
164767,
150667,
214396,
818370,
176735,
145291,
818376,
130276,
899647,
226139,
144591,
811621,
202278,
198441,
112813,
896411,
897946,
229153,
857084,
891317,
175878,
861203,
149696,
850993,
143957,
169965,
844655,
128212,
191849,
849041,
212205,
119582,
821859,
849099,
850898,
825255,
120838,
273377,
226714,
182066,
825066,
193139,
246181,
155761,
757926,
851142,
214425,
856307,
983502,
115833,
75972,
143430,
855299,
161161,
182717,
100570,
805013,
814188,
210719,
197428,
835151,
147545,
105385,
176783,
674843,
125334,
108690,
904832,
473122,
893048,
106405,
113727,
844560,
845709,
170372,
857429,
810411,
739895,
167902,
342147,
841201,
848895,
148446,
829288,
893046,
809982,
847344,
808308,
107465,
102070,
125407,
835310,
218510,
105656,
124115,
865738,
813259,
847094,
142088,
128184,
230457,
821251,
214594,
870137,
842280,
197457,
117487,
846898,
147369,
122280,
131796,
190944,
145330,
119423,
123869,
864242,
164712,
104651,
893056,
114241,
210428,
857577,
856984,
844190,
111468,
111782,
849038,
224531,
837922,
891682,
841639,
102093,
842323,
105667,
837265,
803708,
894780,
830699,
144758,
846880,
861204,
142397,
161410,
155040,
119585,
108440,
298064,
116191,
164898,
120837,
117502,
128716,
820682,
101722,
897154,
115834,
204966,
204358,
198139,
213216,
155808,
46995,
895024,
40651,
131898,
157976,
184510,
832584,
901191,
184463,
151149,
149524,
153121,
137375,
162794,
127577,
499577,
894103,
214341,
859056,
204300,
210515,
440115,
864227,
150666,
64155,
487851,
194615,
853745,
212600,
891533,
59254,
200530,
816895,
893050,
434265,
183880,
843370,
96876,
392288,
998400,
820653,
160939,
156977,
483886,
198199,
106057,
945477,
844306,
161411,
193354,
103954,
838163,
193137,
124346,
420108,
298090,
158462,
802612,
164538,
197637,
206469,
182073,
223350,
118430,
123217,
143601,
157729,
120730,
832607,
173481,
839750,
194612,
112223,
801901,
867073,
861338,
163769,
104058,
263458,
117944,
199124,
231002,
792922,
350051,
126099,
145351,
142497,
101070,
856466,
173482,
55198,
166480,
842375,
865395,
214352,
180096,
156980,
849158,
210010,
200714,
114450,
848968,
213452,
855261,
164595,
111611,
860241,
863580,
846872,
854823,
200307,
839752,
809517,
566397,
859066,
898651,
896543,
142686,
906280,
835821,
892186,
216957,
204117,
88738,
900160,
863853,
838384,
201792,
219837,
160489,
128992,
859069,
123339,
59618,
132531,
829112,
123497,
99307,
894652,
109778,
93548,
850243,
214235,
863854,
122240,
907704,
853744,
225312,
894297,
120493,
182016,
183677,
863730,
194839,
180864,
86658,
865388,
831522,
854361,
837258,
170309,
197248,
823789,
807012,
92248,
837277,
804407,
821552,
836016,
175835,
151982,
857140,
916084,
900428,
187325,
136064,
863852,
891856,
217490,
846866,
117002,
394251,
229145,
847694,
118983,
232458,
891539,
152030,
210373,
157334,
862021,
825050,
901227,
904581,
839301,
79365,
248287,
134532,
168468,
217985,
191850,
118835,
849159,
829530,
900452,
161313,
123606,
894671,
103998,
157090,
868551,
901226,
164501,
150719,
109609,
818380,
232973,
205415,
830145,
839761,
194766,
278395,
837645,
844192,
80795,
155716,
215055,
862022,
139809,
105454,
197586,
213907,
163476,
850994,
122247,
842373,
198440,
805139,
830143,
823935,
830642,
863931,
199128,
168323,
814371,
179885,
133241,
821207,
185616,
806897,
164714,
142410,
839751,
136279,
847683,
147577,
198966,
863646,
835822,
142470,
122243,
144245,
842869,
802954,
183881,
156302,
857475,
849132,
855328,
109903,
2912,
176268,
114256,
291967,
853554,
225443,
153711,
145955,
805475,
900434,
92638,
153657,
103913,
829452,
827364,
830639,
153128,
62309,
47177,
818055,
128098,
802952,
823077,
894578,
866760,
123336,
821860,
125962,
897191,
198540,
202279,
864024,
408986,
833756,
145290,
834940,
867453,
896062,
192235,
844154,
855336,
821250,
142897,
122847,
824099,
146423,
854705,
118065,
534079,
100086,
824985,
110844,
863825,
165215,
825209,
108668,
904451,
855301,
153656,
867072,
847265,
161179,
563537,
840223,
217491,
148173,
116907,
838164,
196603,
13104,
220839,
224459,
846004,
863648,
822939,
151484,
212635,
893457,
860505,
231147,
817720,
852673,
820411,
728663,
103898,
202641,
896573,
156483,
144205,
897923,
224563,
896465,
893832,
108669,
160870,
114447,
225142,
901097,
161385,
148050,
201787,
897784,
851645,
856992,
846943,
132408,
106083,
851569,
192217,
825051,
191284,
900159,
818373,
859430,
128206,
410098,
856426,
232377,
900435,
127231,
123870,
210514,
225308,
157228,
134269,
891078,
215978,
847836,
818845,
132409,
164645,
223496,
112474,
807976,
129445,
901113,
217923,
897797,
135486,
152767,
94965,
146398,
164339,
820683,
170105,
232361,
185866,
232360,
100866,
193136,
826740,
117935,
859865,
844950,
134544,
906270,
154533,
806540,
898637,
868285,
865391,
226869,
728624,
219470,
106325,
8333,
407203,
894166,
812394,
180148,
210797,
897785,
115740,
861722,
903482,
145864,
845673,
904452,
178465,
193313,
202645,
856989,
867842,
114311,
856982,
408982,
170111,
205201,
219488,
154419,
846950,
856458,
145446,
845798,
905478,
160641,
923650,
187822,
144327,
186049,
801782,
257101,
222743,
149154,
157501,
196518,
894472,
896348,
903344,
210427,
810106,
894660,
867459,
143577,
196386,
134545,
147559,
841519,
849269,
895074,
847983,
830267,
142468,
868331,
833990,
220931,
836023,
161442,
893657,
224102,
226815,
177620,
176308,
212288,
215888,
827645,
342043,
145584,
867452,
187815,
830549,
140049,
901112,
213583,
842741,
904437,
806621,
829560,
896227,
85722,
825789,
203621,
199305,
74256,
827822,
900319,
906342,
846907,
844143,
844951,
840224,
852716,
134975,
841066,
217991,
156721,
213270,
48685,
123760,
866690,
865736,
319852,
451360,
901615,
124596,
857308,
104212,
891840,
201660,
198588,
897748,
900917,
200888,
216009,
108276,
827682,
109777,
221265,
220616,
415038,
56303,
811423,
362817,
304252,
125369,
216119,
831527,
103720,
856994,
849878,
829493,
212746,
858884,
61958,
42536,
158913,
235207,
840225,
827433,
164366,
900921,
805375,
183521,
159344,
118348,
819204,
847263,
116252,
838162,
169692,
903515,
187816,
114310,
891883,
908388,
867460,
830641,
837617,
841572,
185196,
893596,
182741,
421863,
859065,
856990,
178024,
140874,
139523,
127777,
891079,
103457,
117497,
206471,
844307,
853370,
846867,
106975,
193134,
811358,
198325,
204841,
851146,
154638,
119581,
815389,
206963,
843419,
112641,
167903,
212519,
199712,
269087,
19292,
151318,
228141,
123072,
846824,
117708,
5928,
141446,
862169,
893055,
813241,
998413,
898367,
846881,
165176,
217987,
756132,
821211,
202356,
865394,
845797,
863693,
825257,
861190,
189344,
806751,
229189,
32812,
167669,
154868,
843400,
155041,
151809,
898934,
837162,
105053,
589719,
841284,
802114,
804953,
143656,
998335,
843399,
854710,
857578,
191753,
146449,
193135,
103719,
906852,
175796,
810336,
160568,
209343,
855296,
127028,
806929,
837924,
160593,
102269,
169959,
846822,
123340,
841010,
845934,
174352,
829604,
233133,
229581,
868550,
810095,
125383,
805224,
900912,
851567,
893481,
169967,
837621,
173147,
839762,
108102,
256958,
895882,
184511,
905614,
837160,
198140,
226369,
891085,
851564,
844629,
118470,
865399,
221134,
854648,
838383,
123774,
898513,
141865,
861325,
196496,
867458,
149453,
107310,
842372,
217920,
859051,
826726,
893480,
155017,
202270,
188008,
120814,
217612,
805477,
860678,
857138,
810097,
210012,
813245,
339859,
480662,
898408,
202931,
904999,
837647,
860566,
438087,
82862,
137307,
195732,
830763,
161305,
204476,
847261,
204116,
232274,
194624,
563186,
167622,
199234,
865085,
589745,
803214,
107676,
865389,
906853,
78832,
161479,
172708,
852378,
192013,
156219,
863855,
184509,
186050,
828034,
589420,
869421,
152142,
161078,
838527,
808309,
199388,
846940,
107305,
847838,
856224,
148505,
233131,
861329,
904417,
136327,
151752,
131930,
125611,
219827,
103672,
841065,
831396,
158838,
125404,
890944,
805225,
113757,
143583,
829275,
893963,
802893,
841934,
185296,
219353,
868287,
846078,
893268,
849249,
894965,
237738,
164478,
819323,
846194,
107176,
140432,
818652,
838192,
898319,
899951,
828033,
231564,
837373,
166815,
82069,
848897,
150514,
904442,
85358,
360776,
845688,
900920,
891341,
834942,
169951,
481195,
48672,
230510,
803227,
439582,
146399,
117498,
16146,
173843,
104006,
106039,
109876,
226718,
191009,
849031,
891041,
806932,
24908,
143260,
805291,
867086,
857455,
899712,
848900,
190592,
160745,
829562,
897737,
903516,
867840,
854847,
217321,
124121,
682565,
854850,
132574,
230445,
210298,
679588,
129449,
115546,
226161,
804344,
851568,
407595,
104517,
899008,
870054,
193431,
142776,
809439,
825268,
835149,
218732,
158790,
834943,
855300,
158766,
350623,
891536,
827681,
111589,
841518,
175526,
151721,
835150,
217996,
606775,
198682,
899677,
905452,
204115,
202277,
215119,
806650,
176020,
870151,
844921,
144473,
893253,
148327,
120416,
811801,
898674,
151332,
92079,
891535,
862129,
121493,
141369,
840275,
858033,
228103,
944008,
897507,
205182,
140877,
132548,
869205,
844506,
228106,
233132,
100572,
861191,
215133,
827438,
219725,
207373,
829110,
869204,
802955,
852925,
819324,
2249,
891931,
805336,
850200,
206981,
214595,
838352,
192214,
150597,
817576,
197587,
107289,
829664,
845228,
819223,
104214,
176936,
900914,
70317,
487422,
162934,
818181,
176010,
188061,
224350,
894167,
139815,
804489,
838351,
845262,
193132,
129713,
837151,
179495,
846878,
152715,
856223,
218200,
226641,
893821,
103938,
219685,
191270,
172705,
803482,
210513,
228149,
838460,
857553,
818056,
144442,
142419,
150641,
115304,
140418,
235061,
402095,
215115,
214323,
864877,
626132,
175798,
147088,
70525,
139464,
172541,
164000,
113422,
821343,
839389,
213222,
849097,
891084,
860989,
212781,
385047,
859052,
868046,
841513,
110963,
144137,
809980,
868286,
127290,
819206,
131616,
626184,
801905,
189259,
148448,
213021,
834868,
177936,
856995,
101686,
903494,
127156,
426049,
139860,
209342,
847585,
806649,
866074,
849152,
145350,
857458,
851665,
196948,
114312,
859060,
805223,
858734,
805473,
108439,
177231,
235992,
846823,
834815,
276458,
161312,
814152,
74347,
890983,
868552,
113219,
107333,
854708,
898318,
833757,
177830,
841008,
831490,
232947,
141366,
857606,
143287,
834805,
139529,
148102,
103244,
200886,
802947,
834934,
344760,
847258,
900318,
147147,
146555,
152657,
217858,
182802,
857152,
894519,
114249,
593463,
899009,
219785,
147366,
65117,
178464,
835152,
855345,
820326,
821563,
141377,
904443,
891818,
893966,
855305,
133067,
897796,
846899,
399165,
833736,
801241,
856465,
893482,
112970,
152765,
143600,
328887,
103253,
191858,
896933,
903495,
856996,
186794,
219557,
141537,
438113,
162837,
219649,
806627,
141763,
175147,
833762,
849137,
199775,
856467,
171790,
146573,
148506,
849133,
8762,
138823,
504010,
61295,
105874,
831401,
148571,
219418,
840928,
144138,
524381,
806870,
845563,
176565,
849036,
117715,
148079,
863665,
854482,
237712,
810418,
159226,
162730,
150092,
210432,
169234,
122845,
156248,
802662,
137733,
134099,
863664,
3874,
901095,
197454,
841009,
891506,
838436,
843397,
156652,
891877,
147553,
226356,
826881,
904418,
159355,
177232,
844316,
842322,
217679,
867254,
219859,
891340,
836015,
802686,
189474,
896735,
201785,
821891,
849306,
840908,
857959,
108704,
113544,
226591,
894966,
824818,
512473,
139546,
891057,
834807,
908395,
591565,
148103,
111637,
893697,
141897,
115305,
157143,
228197,
845372,
809637,
119007,
104474,
894158,
7618,
189821,
114446,
104079,
532467,
419341,
108445,
112973,
806933,
116214,
846069,
833625,
839782,
217259,
109729,
840906,
810409,
107311,
827279,
201743,
823786,
140878,
196525,
863545,
850185,
829673,
893557,
104023,
857317,
212292,
227075,
185444,
809949,
895069,
211292,
161909,
847509,
235304,
857142,
823785,
893595,
861323,
100612,
175527,
191840,
112269,
867454,
161572,
160579,
165494,
893820,
822431,
840694,
140844,
134822,
819072,
890954,
812667,
234766,
810466,
817653,
114245,
142411,
140328,
114706,
848885,
102165,
123391,
203333,
93353,
131107,
891077,
861492,
839768,
163710,
119257,
177425,
829417,
106668,
140342,
128747,
823585,
855327,
125377,
757822,
103914,
105226,
805464,
893257,
161311,
891531,
845955,
755976,
857251,
867562,
154937,
112093,
844370,
460343,
846038,
811622,
702715,
865400,
856983,
865858,
858030,
219578,
896180,
23114,
855226,
819194,
177994,
867751,
167901,
849719,
190609,
863578,
866075,
203885,
840134,
185622,
854841,
811787,
970619,
105146,
890943,
128141,
184315,
237713,
600392,
125356,
173668,
866686,
101681,
893264,
162566,
109316,
846879,
154618,
147866,
180107,
198689,
903456,
805474,
224269,
901099,
826144,
809916,
126090,
209943,
234571,
814320,
36465,
127114,
891435,
107030,
549224,
100009,
867253,
801118,
115731,
126984,
175598,
855311,
473473,
226695,
838385,
184136,
898650,
126202,
4290,
841517,
159749,
847034,
150640,
227004,
855316,
140594,
837923,
196801,
24232,
801780,
170385,
170834,
473148,
845814,
860987,
191852,
802525,
891222,
145322,
142000,
191289,
907703,
897799,
865044,
558168,
1209,
215295,
830175,
146459,
805305,
811242,
898512,
897984,
865390,
148444,
849248,
157379,
853218,
176186,
225459,
838038,
802526,
893199,
222234,
149641,
191752,
165217,
140319,
750347,
212244,
180099,
853136,
166814,
438100,
225888,
802953,
407614,
836012,
143614,
112467,
905739,
898672,
200249,
904833,
236701,
100677,
83720,
216955,
806847,
217641,
206983,
896935,
160300,
197638,
840139,
233666,
805288,
187442,
807174,
893438,
131393,
853488,
898363,
109598,
821468,
126702,
842324,
863990,
140096,
137420,
120490,
103092,
212200,
903450,
107276,
62270,
107356,
181457,
204354,
159356,
949650,
145323,
114339,
1308,
841006,
849516,
838387,
21970,
626145,
227737,
864209,
209081,
819008,
224161,
224594,
203886,
141864,
145112,
893606,
176191,
856242,
837198,
104385,
129164,
827160,
210994,
898424,
106959,
859431,
217922,
846877,
146121,
893968,
136941,
121320,
213996,
206970,
860504,
179921,
855310,
847720,
838353,
849057,
159266,
199934,
164642,
38324,
969059,
226304,
95303,
177728,
804825,
235197,
106511,
143910,
218118,
844302,
900784,
123338,
484250,
580970,
860289,
850580,
201783,
890945,
847980,
210724,
850373,
859863,
806558,
124523,
832715,
214997,
853576,
853122,
826043,
150935,
840273,
834941,
892042,
181421,
837158,
206470,
838438,
192093,
985283,
42250,
40430,
864198,
227022,
155733,
826108,
809917,
891537,
806096,
831526,
845999,
815321,
844505,
138204,
190793,
823952,
151015,
1092,
212473,
839487,
862167,
825772,
178025,
101673,
854702,
847042,
845343,
143613,
146551,
864200,
176689,
269772,
803734,
826563,
838065,
854231,
129944,
802948,
212577,
824819,
169260,
232354,
804305,
122813,
900730,
141569,
900321,
101761,
839574,
834814,
228400,
167332,
152587,
853121,
852715,
154947,
207637,
120886,
213017,
113002,
857456,
175425,
200344,
200885,
218121,
156271,
28327,
149210,
215272,
215384,
813118,
64168,
834935,
863845,
893255,
842403,
228999,
830176,
147461,
869379,
128186,
820688,
118347,
894614,
856136,
822442,
903452,
824827,
840907,
215302,
219577,
856997,
901098,
133052,
224329,
434278,
808221,
840325,
194978,
857178,
147173,
866698,
223857,
896574,
857315,
834664,
183380,
153458,
837152,
215604,
139568,
891684,
810416,
126977,
200250,
169481,
309894,
217349,
14404,
837089,
771823,
59800,
178945,
898678,
219495,
826779,
100863,
103089,
224669,
848896,
158595,
169488,
856468,
204351,
897152,
823787,
100600,
201305,
65663,
178139,
229979,
893654,
206494,
847985,
839435,
170837,
165013,
210516,
109319,
409611,
847149,
204839,
112790,
863647,
203189,
823951,
843341,
207907,
106615,
232401,
224784,
140329,
589407,
841180,
176190,
139652,
210995,
862589,
900453,
825256,
826648,
160940,
862176,
224335,
854709,
838562,
861208,
802524,
82251,
215270,
842317,
485654,
221555,
823679,
981825,
177703,
107283,
821304,
849138,
100577,
134976,
211185,
302055,
893948,
893612,
898671,
117624,
896181,
839331,
137188,
152901,
845222,
125609,
161491,
162977,
807482,
434291,
900937,
63609,
834155,
854476,
802951,
179958,
898675,
179433,
823298,
207107,
138564,
67925,
843398,
842325,
904661,
134597,
142392,
204011,
893091,
827436,
868044,
192291,
866687,
900436,
810415,
112473,
840992,
829606,
852406,
120184,
893967,
213330,
198607,
823235,
893646,
55900,
902881,
127808,
829760,
610727,
821561,
2093,
154486,
896683,
236536,
841520,
93574,
235184,
204209,
143269,
221554,
111194,
857363,
180104,
891534,
108737,
890994,
210528,
892233,
160588,
801727,
147090,
894466,
868912,
212198,
806612,
845649,
818054,
225470,
851667,
830533,
145425,
831204,
201811,
851794,
900911,
422293,
841279,
235214,
106406,
215177,
219643,
460369,
160627,
146779,
853917,
235985,
129816,
170209,
224330,
863711,
849423,
154792,
851329,
858729,
851663,
832314,
831491,
843396,
195725,
204355,
159225,
117016,
160613,
67990,
861526,
224469,
818735,
204010,
894650,
164559,
858035,
896246,
864851,
42237,
845227,
159234,
812927,
101332,
181175,
826741,
24713,
847006,
162793,
834931,
802080,
115655,
143943,
835931,
827841,
224472,
842369,
182,
845643,
192562,
145991,
152609,
836019,
115657,
821469,
858735,
204210,
579982,
201739,
901193,
141771,
853137,
868045,
184524,
14820,
897740,
220007,
121489,
838377,
898652,
122814,
847264,
235363,
893258,
148366,
819003,
844519,
870024,
805222,
213892,
74373,
853210,
139893,
807899,
850201,
118457,
213016,
70551,
847829,
119166,
154637,
843309,
898013,
150185,
897985,
901255,
906343,
199804,
29328,
102224,
217975,
865242,
854671,
856987,
862281,
856469,
139048,
169996,
215288,
228787,
802956,
842907,
237494,
818078,
804306,
869446,
860916,
826119,
863710,
839390,
851328,
845796,
860917,
169489,
215136,
847362,
835940,
900916,
155731,
866699,
155397,
811175,
861005,
183210,
219724,
39546,
823948,
109695,
223353,
849727,
170116,
810227,
857522,
219494,
826647,
438139,
853018,
421964,
109346,
898649,
810422,
138804,
203307,
17472,
750308,
144533,
864046,
104576,
125418,
810286,
819210,
225565,
408949,
126824,
816902,
844857,
154551,
839763,
125620,
839976,
847033,
160667,
802466,
146357,
204865,
857114,
895421,
847591,
821286,
688207,
235460,
998231,
896586,
153419,
196699,
894243,
220837,
822040,
899961,
217864,
842371,
155471,
190352,
231004,
891033,
224576,
419744,
381849,
161374,
893655,
826118,
801330,
831371,
214618,
840976,
157046,
867732,
855302,
119006,
124965,
169948,
220737,
848741,
201774,
837163,
863930,
855056,
76739,
815388,
140848,
214952,
42614,
187449,
424258,
891076,
850573,
132702,
847288,
817376,
894818,
844487,
141634,
891035,
861209,
185755,
122844,
129448,
892133,
891043,
304304,
807809,
219560,
844569,
895100,
855341,
857962,
142399,
848863,
728598,
808293,
831529,
213018,
623428,
172281,
891507,
42757,
114972,
194706,
217877,
134115,
194956,
328900,
813764,
833651,
207992,
867733,
893042,
813237,
865695,
134328,
187400,
124563,
127664,
176220,
183857,
185699,
853184,
54158,
143599,
65975,
849139,
221492,
143931,
862669,
115642,
61880,
802950,
129016,
401932,
864338,
153661,
816941,
176188,
808285,
160684,
102251,
562042,
851680,
151155,
851682,
838528,
191290,
114258,
191283,
120478,
181162,
509636,
140285,
853415,
218024,
7462,
893263,
900922,
147893,
847823,
861687,
839764,
225457,
67821,
830622,
829111,
891830,
890956,
847451,
845352,
831342,
825781,
847722,
171505,
187444,
115718,
200343,
225412,
159812,
125318,
144192,
237390,
838165,
853396,
118368,
212799,
124515,
860243,
849151,
802478,
211439,
891037,
855225,
211443,
842183,
818076,
207987,
803475,
865556,
866766,
167245,
493597,
849515,
164112,
842978,
857055,
111263,
861667,
890993,
859237,
214433,
894478,
898064,
832609,
176187,
862179,
895830,
829563,
854477,
141130,
826443,
847627,
163763,
114975,
814153,
860192,
109261,
860288,
231314,
835380,
894816,
124158,
190621,
845339,
893261,
136020,
198986,
845264,
820330,
104379,
801908,
214370,
157045,
26273,
228893,
220436,
217902,
115641,
808292,
824868,
898081,
863556,
861210,
222716,
843492,
902629,
207988,
894688,
141866,
853486,
839437,
838166,
900918,
834953,
893403,
844663,
177698,
164598,
868553,
124375,
102226,
853371,
134945,
134821,
215314,
224079,
538044,
855024,
120801,
862203,
218393,
855496,
826524,
905398,
134116,
862236,
39923,
835381,
190351,
859707,
891778,
104495,
851795,
82212,
219645,
804285,
201795,
188064,
177081,
848993,
229804,
802510,
849010,
820681,
854188,
857963,
811623,
161366,
835172,
106106,
837239,
784836,
97526,
151160,
899827,
219668,
276406,
140315,
106797,
123342,
151092,
141633,
834900,
349258,
894524,
899548,
110298,
896934,
181414,
811418,
863986,
107320,
849235,
155792,
856248,
125080,
896587,
800647,
851575,
834707,
841488,
530348,
148482,
237393,
219211,
134374,
893613,
116725,
842975,
591552,
137318,
160753,
384293,
120069,
840242,
834952,
155472,
206973,
894817,
235937,
861473,
862695,
900915,
804666,
168639,
163712,
211442,
180861,
894576,
837622,
137874,
115400,
894125,
842331,
119396,
898670,
820413,
818813,
106567,
150588,
200295,
837194,
204098,
837296,
213553,
847811,
854839,
215010,
857314,
183256,
218450,
176817,
853012,
126121,
147765,
837237,
898676,
229916,
170937,
224535,
842908,
103239,
847814,
849030,
61984,
220408,
230831,
483639,
140803,
833791,
757861,
142520,
151307,
801795,
134307,
841669,
636311,
899713,
173868,
147612,
826052,
152633,
197098,
859206,
126659,
215401,
857457,
355810,
847871,
894295,
891034,
861436,
161913,
144527,
203190,
94731,
169524,
207612,
176849,
898673,
810360,
830038,
483626,
865844,
298233,
865557,
191838,
896073,
184525,
895609,
809981,
814321,
106055,
824216,
145711,
193028,
846895,
891879,
869987,
838108,
217861,
807173,
140094,
861219,
840391,
150236,
901250,
835939,
138822,
812403,
103367,
197441,
865860,
128143,
101764,
51896,
220838,
893273,
219717,
133545,
813249,
848969,
826515,
182562,
855023,
875277,
898425,
134306,
845263,
839167,
161372,
846868,
894448,
80678,
846123,
115105,
77467,
805472,
120887,
857464,
855134,
221607,
861693,
847832,
897025,
104478,
839138,
120415,
176457,
158842,
162919,
856988,
132659,
180328,
204597,
41340,
104033,
172419,
125343,
224041,
835382,
223128,
901707,
844625,
220437,
126997,
212207,
125419,
66573,
269777,
865481,
202629,
191770,
180039,
116029,
198060,
230729,
137422,
837161,
133486,
555581,
865092,
142347,
198363,
104482,
108672,
408682,
108972,
235150,
102772,
861303,
801365,
198614,
215840,
123186,
846153,
199908,
860663,
115102,
142162,
192563,
865890,
818090,
833638,
137378,
802511,
228108,
814324,
847590,
150951,
852951,
220580,
893969,
854706,
152102,
134118,
839287,
200383,
861193,
846901,
830077,
868546,
186791,
823790,
823586,
891036,
129823,
174353,
846122,
133542,
106112,
825247,
845041,
846897,
817063,
224550,
839140,
832585,
121666,
111358,
900320,
230898,
614640,
223661,
847721,
830759,
138939,
217664,
821565,
152764,
897473,
843361,
191288,
854849,
47073,
178031,
839753,
823688,
768313,
35984,
812815,
157496,
847812,
125446,
175721,
812811,
124967,
837659,
143655,
806934,
21203,
8853,
83681,
827093,
861440,
138824,
849121,
810695,
192994,
197447,
829274,
996177,
854159,
829281,
318331,
136519,
177657,
106108,
815083,
191291,
852373,
106002,
110741,
820643,
143636,
235932,
834835,
128322,
859711,
862202,
114078,
847142,
224260,
801936,
829761,
104896,
863856,
823959,
162910,
150004,
849345,
118334,
850245,
829120,
110699,
810423,
219368,
838419,
858032,
200363,
857746,
836014,
819212,
851697,
563160,
868312,
804176,
840165,
208961,
895432,
858031,
175591,
810257,
125299,
110276,
424259,
897472,
157258,
891878,
8879,
157497,
102328,
894449,
826148,
840785,
5161,
802075,
139408,
837201,
211438,
180267,
218733,
858078,
204359,
185618,
824830,
302835,
898079,
890955,
865482,
849153,
832308,
76752,
143284,
823054,
511756,
849058,
831208,
109910,
857826,
104537,
851668,
198580,
213487,
134128,
847381,
199392,
138724,
847813,
851258,
185685,
831300,
132660,
857770,
865392,
861304,
200528,
893877,
810359,
858081,
144450,
162804,
845644,
176266,
893935,
821156,
249886,
815397,
826130,
207906,
897151,
850581,
229002,
821554,
851690,
123424,
156290,
149298,
147594,
213015,
127185,
112999,
190792,
140504,
144117,
829888,
102071,
804173,
897192,
802591,
870023,
802949,
842902,
854673,
805130,
187974,
839144,
847291,
144493,
143911,
152101,
198136,
98306,
900919,
104484,
212445,
106271,
149754,
900162,
200369,
197573,
215869,
803566,
129555,
839139,
134186,
156217,
205680,
804175,
230452,
852869,
844626,
853049,
127149,
135694,
510510,
994058,
270309,
137460,
890984,
865791,
144626,
814317,
183528,
785499,
153457,
231037,
191268,
846979,
842282,
779779,
190785,
202299,
894468,
129814,
156072,
837386,
198401,
831301,
870053,
829887,
176687,
834938,
103098,
847986,
893830,
211000,
823981,
127398,
854977,
822811,
892032,
841011,
463580,
844789,
244361,
784511,
342446,
834933,
120750,
199995,
187124,
810094,
36478,
108350,
117204,
113834,
205330,
830125,
862244,
160802,
144326,
891042,
104037,
857474,
161375,
147363,
856292,
853414,
891872,
860510,
861333,
200033,
201575,
134198,
123772,
806095,
855187,
187494,
862588,
840240,
823962,
142030,
841007,
155763,
825790,
893254,
193420,
153649,
820687,
152844,
851691,
847283,
857591,
831299,
841179,
223634,
861535,
207876,
847742,
223855,
891891,
833664,
178601,
146523,
837618,
129025,
195312,
105331,
191269,
167683,
106966,
846036,
838529,
894480,
120055,
229807,
107350,
805515,
132336,
229163,
845887,
133920,
123773,
147486,
896076,
847292,
893607,
829759,
893017,
136343,
217330,
195043,
897798,
838037,
154357,
420200,
8034,
802068,
851260,
858080,
142398,
860508,
83161,
223848,
143940,
16861,
191285,
163838,
548132,
198417,
823792,
861192,
171504,
145883,
839766,
896072,
812809,
153007,
857816,
857450,
818736,
161335,
109437,
837202,
102391,
850973,
120098,
863826,
204290,
856137,
805877,
68562,
127125,
892234,
823597,
125263,
807455,
198380,
217980,
190076,
150522,
734019,
998244,
845558,
894469,
235450,
138803,
146304,
836017,
161336,
897987,
826750,
830662,
901706,
861666,
157746,
106527,
750256,
106086,
866071,
100864,
865857,
106261,
194705,
132404,
868685,
158888,
808028,
895025,
850899,
121211,
192838,
193016,
128630,
826059,
868047,
834821,
230018,
137459,
827577,
854187,
841770,
163906,
893937,
176874,
204596,
821253,
197099,
835334,
234654,
235251,
103976,
894956,
821285,
103960,
892298,
835335,
230677,
151447,
166162,
72774,
893256,
858079,
848740,
151584,
827756,
850515,
106700,
854703,
847821,
123002,
121465,
854842,
900924,
814325,
139375,
833814,
182856,
846896,
849426,
117519,
178124,
118674,
83616,
157623,
120417,
865889,
896117,
159813,
109542,
784784,
774124,
187297,
891508,
137934,
851161,
867097,
161331,
161853,
63232,
205459,
108692,
234570,
838064,
197680,
91624,
7670,
143811,
177645,
98267,
121203,
837236,
210519,
181461,
192466,
119962,
853153,
847293,
847822,
217860,
181729,
112469,
844168,
893089,
898680,
867096,
145590,
853416,
163827,
187303,
102306,
157128,
863666,
894479,
868903,
200342,
857477,
806898,
894288,
137873,
100072,
162486,
65936,
257907,
901251,
343981,
83174,
804668,
895064,
865393,
230019,
858733,
849427,
867451,
164113,
132392,
904585,
218735,
837919,
147767,
92144,
820106,
110272,
810681,
847712,
193863,
134188,
123706,
471991,
103070,
857817,
104747,
113311,
805172,
847270,
114216,
131050,
859210,
42796,
170997,
829358,
813788,
101580,
870022,
830073,
900459,
106609,
837297,
221441,
139955,
161984,
205625,
830539,
120834,
201744,
192882,
104015,
890946,
214989,
315991,
169741,
841181,
230054,
237407,
860773,
215798,
161371,
269770,
138748,
144627,
402397,
834712,
67886,
179959,
147637,
197437,
843364,
825248,
894467,
94523,
859209,
843498,
862128,
139912,
161373,
662402,
111588,
897316,
193419,
62569,
229805,
223367,
214471,
204840,
837159,
183350,
132189,
820670,
809065,
837294,
147220,
190904,
132627,
174738,
143440,
800757,
923676,
197939,
850740,
805874,
84773,
897558,
120560,
16926,
218760,
218744,
145163,
116723,
214967,
141599,
193859,
804172,
478842,
136322,
804455,
109896,
5070,
840642,
837887,
623441,
898092,
299429,
840876,
800755,
853156,
805688,
78429,
157047,
891208,
814331,
189396,
349102,
127053,
896116,
821896,
155334,
900088,
866941,
846037,
852950,
125618,
1306,
846104,
185684,
146643,
161622,
189357,
296777,
206999,
813009,
857827,
810042,
848898,
892069,
190111,
108635,
149211,
897026,
198183,
150940,
868902,
829559,
140573,
123213,
137936,
175656,
810682,
844342,
104016,
199553,
854840,
893818,
897718,
105101,
120281,
893500,
830364,
830074,
122552,
163729,
163051,
145869,
110700,
854798,
896407,
808029,
847820,
185976,
160207,
849241,
864190,
429091,
896401,
134208,
103111,
198386,
138991,
890932,
230825,
180079,
199289,
805876,
805873,
854843,
234527,
855022,
835159,
849242,
688974,
213439,
190786,
676676,
894025,
893819,
900923,
235504,
17394,
127020,
850219,
855497,
842050,
870057,
847982,
864047,
214404,
132628,
224277,
4849,
226923,
846120,
87516,
891622,
223692,
135460,
844116,
855188,
94536,
195793,
829276,
193931,
142506,
181099,
178214,
200563,
124572,
825052,
110932,
849239,
201031,
167239,
683124,
159814,
110984,
851353,
835832,
847097,
870174,
895066,
845260,
540124,
858780,
820070,
227735,
901109,
150630,
112881,
845815,
230824,
866954,
804174,
80028,
137968,
180834,
893797,
829277,
897526,
112196,
847828,
816889,
147371,
900426,
900424,
825281,
900425,
900910,
831534,
422175,
839228,
146642,
901110,
149864,
200306,
900334,
890995,
891871

)
group by data3.SLS_TRX_ID ),


fresh_compare as (
select
tl.SLS_TRX_ID,
tl.total_order_line total_order_lines,
nvl(cf.match_order_line, 0) order_lines_nff
from
total_line tl
left outer join pure_ambient_3000 cf on tl.SLS_TRX_ID = cf.SLS_TRX_ID ),


final as (select
SLS_TRX_ID,
case 
when total_order_lines = order_lines_nff then 'pure'
when ((total_order_lines - order_lines_nff) / total_order_lines) <= 0.03 then '3%Short'
when ((total_order_lines - order_lines_nff) /total_order_lines) > 0.03 and ((total_order_lines - order_lines_nff) /total_order_lines) <= 0.1 then '10%Short'
when ((total_order_lines - order_lines_nff) /total_order_lines) > 0.1 then 'ff'
when total_order_lines < order_lines_nff then 'Other'
end as order_type

from fresh_compare )




select  
 data3.SLS_TRX_ID
,data3.CREATED_ON_DT
,data3.org_num as Store
,data3.prod_num
,data3.product_name
,data3.SLS_QTY
,data3.SLS_AMT_LCL
,data3.SALES_CHANNEL
,ff.order_type



from data3 
inner join final ff on ff.SLS_TRX_ID = data3.SLS_TRX_ID
left join testdb.mfc_customer_map mfc_cus on data3.CUSTOMER_WID = mfc_cus.row_wid
--where ff.order_type in ('pure')
--group by 2,3,4,1



-- To test 5K Item from online + Offline 
